(0.046875, 0, 0.0, 0.7235393734123624)
(0.0004145077720207254, 0.0021208907741251328, 0, 0.05853119823302043)
(0.011571210246706936, 0.1961061946902655, 0.009523809523809525, 0.08230644036270635)
(0.046875, 0, 0.0, 0.7235393734123624)
(0.009162303664921465, 0.0, 0.027777777777777776, 0.41944187480727724)
(0.0, 0.0, 0, 0.0537047673750718)
(0.001314060446780552, 0.0, 0, 0.2969911073212328)
(0, 0, 0, 0.725661443616748)
(0, 0, 0, 0)
(0.018216454339802356, 0, 0, 0)
(0.07720588235294118, 0.07476635514018691, 0, 0)
(0.0, 0, 0, 0.5352112676056338)
(0.03165078244499353, 0.04743303571428571, 0, 0.31596091205211724)
(0, 0, 0, 0.725661443616748)
(0, 0, 0, 0.4818181818181818)
(0, 0, 0, 0.725661443616748)
(0.0, 0.001444043321299639, 0, 0)
(0.0, 0.0, 0, 0.12206572769953052)
(0.01647517884240191, 0.012038523274478331, 0, 0.07107451902881627)
(0.0004870920603994155, 0.0, 0, 0.6757412398921833)
(0.0, 0, 0, 0.08617594254937164)
(0.0, 0, 0, 0.8690016972689399)
(0.0323525210684188, 0.09034051424600417, 0, 0.635164569215876)
(0.02109938922820655, 0.0, 0, 0.04525862068965517)
(0.0, 0.0, 0, 0)
(0.03214285714285714, 0.05135762772418721, 0.05045871559633028, 0.3766112191258011)
(0.0072992700729927005, 0, 0, 0)
(0, 0, 0, 0)
(0.03163881976537505, 0.0003787878787878788, 0, 0.4690265486725664)
(0.0, 0, 0, 0)
(0.0, 0, 0, 0)
(0.024262202043132803, 0.011204481792717087, 0, 0)
(0.021756530597395036, 0.012623985572587917, 0, 0.13986013986013987)
(0.037628940868807206, 0.0005808887598024978, 0, 0.20518358531317496)
(0.0, 0.0, 0, 0)
(0.004842615012106538, 0.0, 0, 0)
(0.010918635170603675, 0.0, 0, 0.005016722408026756)
(0.017241379310344827, 0.0, 0, 0)
(0.014128926453891763, 0.0037546933667083854, 0, 0.007371007371007371)
(0.014128926453891763, 0.0037546933667083854, 0, 0.007371007371007371)
