(0.0845771144278607, 0.008928571428571428, 0.08450704225352113, 0.6693227091633466)
(0.04776119402985075, 0.0, 0.041666666666666664, 0.5780346820809249)
(0.050761421319796954, 0.0, 0.0, 0.5601173020527859)
(0.04390243902439024, 0.0, 0.05442176870748299, 0)
(0.08791208791208792, 0.004166666666666667, 0, 0.543169037380086)
(0.030252100840336135, 0.0, 0, 0.8019323671497585)
(0.04792013311148086, 0.0, 0, 0)
(0.056962025316455694, 0.014084507042253521, 0.0, 0.7901785714285714)
(0.07317073170731707, 0.0, 0.0, 0.7855402112103981)
(0.01564129301355579, 0.001610305958132045, 0.0, 0.819672131147541)
(0.005111244738424534, 0.0, 0.0, 0.7384615384615385)
(0.042602633617350893, 0.0, 0, 0.6241709653647752)
(0.04814814814814815, 0.0, 0.0136986301369863, 0.7537878787878788)
(0.03265218633895399, 0.0, 0.0, 0.6682033240325125)
(0.08791208791208792, 0.004166666666666667, 0, 0.543169037380086)
(0.06733167082294264, 0, 0, 0.6557522123893805)
(0.07317073170731707, 0.0, 0.0, 0.7855402112103981)
(0.008403361344537815, 0.0, 0, 0.2710972199374897)
(0.03265218633895399, 0.0, 0.0, 0.6682033240325125)
(0.023841255738190435, 0.0, 0.0, 0.39527868852459014)
(0.03049564347950293, 0.04583643518026162, 0.0, 0.31771814187068426)
(0.03292151681782475, 0.35131218805345354, 0.0, 0.25105742347121657)
(0.034866792837385356, 0.09135883905013192, 0, 0.39545454545454545)
(0.031833150384193196, 0.0021691973969631237, 0, 0.4953271028037383)
(0.029642857142857144, 0.0009161704076958314, 0, 0.6459419210722264)
(0.0312211498111624, 0.007007526602647288, 0, 0.014256619144602852)
(0.03214285714285714, 0.05135762772418721, 0.05045871559633028, 0.3766112191258011)
(0.034866792837385356, 0.09135883905013192, 0, 0.39545454545454545)
(0.07345807345807345, 0, 0, 0)
(0.03214285714285714, 0.05135762772418721, 0.05045871559633028, 0.3766112191258011)
(0.029785714285714287, 0.008685286103542234, 0.0, 0.4078319006685769)
(0.03557142857142857, 0.022718944668376696, 0, 0.377075255989661)
(0.07918050941306755, 0.2054655870445344, 0, 0.5518341307814992)
(0.0191562634524322, 0.24780487804878049, 0, 0.5329977628635347)
(0.03214285714285714, 0.05135762772418721, 0.05045871559633028, 0.3766112191258011)
(0.015883424408014574, 0.10744089012517385, 0, 0.14276910435497125)
(0.028785714285714286, 0.00034002040122407346, 0, 0.3744988670036605)
(0.09278350515463918, 0.003861003861003861, 0, 0.5072463768115942)
(0.045028630921395106, 0.0, 0, 0.4383561643835616)
(0.03088900050226017, 0.02931769722814499, 0, 0.51985559566787)
(0.03292151681782475, 0.35131218805345354, 0.0, 0.25105742347121657)
(0.029785714285714287, 0.008685286103542234, 0.0, 0.4078319006685769)
(0.016408961817608078, 0.005813953488372093, 0, 0)
(0.03214285714285714, 0.05135762772418721, 0.05045871559633028, 0.3766112191258011)
(0.04039614281991139, 0.001520912547528517, 0, 0)
(0.030215827338129497, 0.08024691358024691, 0, 0.5072046109510087)
(0.03154795288839035, 0.0, 0, 0.5142857142857142)
(0.02367124898919356, 0.03192550714998337, 0, 0.4831804281345566)
(0.03265218633895399, 0.0, 0.0, 0.6682033240325125)
(0.03265218633895399, 0.0, 0.0, 0.6682033240325125)
(0.05999539382772916, 0.0684440907282133, 0, 0.0)
(0.01804292469989087, 0.04526503871351995, 0.016129032258064516, 0.3320944062441925)
(0.046651937457511894, 0.07555970149253731, 0.16666666666666666, 0.7838632861745343)
(0.021714285714285714, 0.1767253826162287, 0.0, 0.3451685068918236)
(0.036882893226176806, 0.033689024390243905, 0.0273972602739726, 0.07657247037374658)
(0.03557142857142857, 0.022718944668376696, 0, 0.377075255989661)
(0.028184400262180467, 0.08276221046239264, 0, 0.44019607843137254)
(0.05926247917119467, 0.08954664668415137, 0, 0.6248216833095578)
(0.0566186936580737, 0.12258064516129032, 0, 0)
(0.07461240310077519, 0.08478260869565217, 0, 0.4507042253521127)
(0.022106631989596878, 0.05663824604141291, 0, 0)
(0.04499274310595065, 0.0, 0, 0.5328467153284672)
(0.10409924487594391, 0.2793814432989691, 0, 0.5450236966824644)
(0.07695796794677956, 0.2589098532494759, 0, 0)
(0.09253198452841416, 0.20397111913357402, 0, 0.4811320754716981)
(0.06977363515312916, 0.1513975155279503, 0, 0.7394842090746104)
(0.02756244616709733, 0.0, 0, 0.4784688995215311)
(0.027304801349900293, 0.03922432789775231, 0, 0.49176470588235294)
(0.08788732394366197, 0.3041958041958042, 0, 0.47980997624703087)
(0.06850715746421268, 0.03183023872679045, 0, 0.5241379310344828)
(0.07465007776049767, 0.2416243654822335, 0, 0.475177304964539)
